====================================================================================================
Italian per-provincia email-provider distribution
====================================================================================================
Source: /home/mxmap.it/mxmap/data.json  (69460 total entries)
Comuni analyzed: 7870

 Prov      N     MS   Goog  Aruba  Reg.it  Seeweb  InfoC    Nam    Pub   Priv   Prov    ISP  Indep    AWS      ?
----------------------------------------------------------------------------------------------------
  001    312     34     12     14     10                          70                   14    157              
  002     82      1             2      1                          28                    1     49              
  003     87      9      3      5      1                           6                    2     61              
  004    246     45      2     10      5                         108                    6     69      1       
  005    117     13      1      5     18                          24                    1     55              
  006    185      8      8     21      5                          36                    6    101              
  007     74     17      2             1                                                      54              
  008     65      8      5      1      8                          15                    9     19              
  009     69      8      5     10      1                          15                    7     23              
  010     67     11      3      5     19                          13                    5     11              
  011     32      3      2      1     13                           3                    2      8              
  012    134     33      7      1      4                          32                    7     50              
  013    146     24     13             2                          16                    8     83              
  014     77      9     34      3                                  3                          28              
  015    133     78     14      2      7                          12                    4     16              
  016    243    110      6      7     55                          26                    3     36              
  017    204     80     49     11     10                          22                    4     28              
  018    184     38      1      4     27                          28                    7     79              
  019    113     13     17      3      5                          40                    6     29              
  020     64     15      7      2      1                          23                    2     14              
  021    114      6                                              108                                          
  022    166     18    123      1      1                           5                    2     16              
  023     98     38      2      6      2                          23                    8     19              
  024    111     25      9      3                                 18                    4     52              
  025     60      4      1      1     21                           5                    2     26              
  026     94     33     14      3      5                          14                    2     23              
  027     44     16      5      2                                 11                    2      8              
  028    101     62      1      2                                  7                    2     27              
  029     50     21      2                                         3                    8     16              
  030    134     32      1                                         2                    2     97              
  031     25      7                                                1                          17              
  032      6      2                                                                     1      3              
  033     46      5      1      1      3                           8                    4     24              
  034     44     15      2                                         6                    5     16              
  035     42      8      2      2                                 17                          13              
  036     47     12     19             1                          11                           4              
  037     55      2     15             1                          34                           3              
  038     21      8      7                                         2                    1      3              
  039     18     17                                                                            1              
  040     30            30                                                                                    
  041     52      6      2             1                                                1     42              
  042     47      9             1      3                           8                    7     19              
  043     55      4      1                                        47                    2                     
  044     32      1             2      8                          16                    1      4              
  045     17      2      4      2      1                           5                           3              
  046     33             3      3                                  6                    3     18              
  047     20      7      2      1                                  4                    1      5              
  048     41     10     10                                         4                          17              
  049     19      6             1                                  4                    2      6              
  050     37      9      7      3                                  3                    8      7              
  051     36      5      2             2                          18                    3      6              
  052     35     10      3                                                             20      2              
  053     28      3      4             2      1                    8                    2      8              
  054     59      6      4      1     10      1                   27                    2      8              
  055     33      1      2             1                          20                    3      6              
  056     59      1      3      1      5      1                   33                    9      6              
  057     73                    1      9      1                   50                   11      1              
  058    120      7      6      9     10                          55                   19     14              
  059     33      3      1      2      4      1                   15                           7              
  060     90             1      5      4      3                   66                    4      7              
  061    104      5            15      6                          67                   10      1              
  062     78                   25                                 47                    3      3              
  063     92      7      7      5      5                          53                    6      9              
  064    118      1            10      2                          90                    9      6              
  065    157     18      1      6      6                         114                    7      5              
  066    108      4      2      6     18                          67                    9      2              
  067     47      7      1      3      5      1                   25                    3      2              
  068     46      4             1      8                          26                    2      4      1       
  069    104      2      5     11     20                          41                   17      8              
  070     84      2            25     18                           9                    5     25              
  071     60      2      2      5      8                          32                    3      8              
  072     41      9      9      4      2                          10                    1      6              
  073     29      4      4      3                                  8                    3      7              
  074     20      4      1             1                           5                    1      8              
  075     96     10     15                                        15                    6     50              
  076    100      1      1      2      2                          15                    3     76              
  077     31      1      1      1                                  5                    2     21              
  078    149      1      4      4      2                         110                    7     21              
  079     78      1      2      3      1                          62                    6      3              
  080     95             2      9                                 79                    4      1              
  081     25                    1                                 20                    1      3              
  082     82             4      8      2      1                   56                    3      8              
  083    108      2      3     26      3                          58                   13      3              
  084     43      1      1      1             2                   33                    2      3              
  085     22                    2      2                          14                    1      3              
  086     20             1      3                                 10                    2      4              
  087     58      1      4     14                                 31                    4      4              
  088     12             1                                         9                    2                     
  089     21      1      3      1                                 16                                          
  090     88      5      1      3                                 66                    9      4              
  091     74      1      3      6                                 52                    8      4              
  092     17      8             1                                  6                           2              
  093     50     15      1             1                                                      33              
  094     52             2     23      5                           4                    4     14              
  095     86      1      1      2                                 61                   16      5              
  096     74     10             3      2                          10                    2     47              
  097     84     58      4      1                                  2                    1     18              
  098     59     21      6             6                          19                    1      6              
  099     25      9      3             2                           7                    1      3              
  100      7      2                                                                            5              
  101     27             2                                        25                                          
  102     50             1      2                                 46                           1              
  103     74      2      1      2                                  9                          60              
  108     55     38      5      2      1                           3                    1      5              
  109     40      1             3     11                          14                    6      5              
  110     10                    1                                  5                    3      1              
  111    106     14      2      3             1                   74                    6      6              
  113      4      2             1                                  1                                          
  117      1                                                       1                                          
----------------------------------------------------------------------------------------------------
  TOT   7870   1253    586    407    426     13      0      0   2716      0      0    428   2037      2      0

====================================================================================================
Aggregate provider distribution (Italian comuni)
====================================================================================================
  microsoft                  1253  ( 15.9%)
  google                      586  (  7.4%)
  aruba                       407  (  5.2%)
  register-it                 426  (  5.4%)
  seeweb                       13  (  0.2%)
  regional-public            2716  ( 34.5%)
  local-isp                   428  (  5.4%)
  independent                2037  ( 25.9%)
  aws                           2  (  0.0%)
  zoho                          2  (  0.0%)
